{
 "cells": [
  {
   "cell_type": "markdown",
   "metadata": {},
   "source": [
    "# Learning rate = 10"
   ]
  },
  {
   "cell_type": "code",
   "execution_count": 3,
   "metadata": {
    "collapsed": false,
    "scrolled": true
   },
   "outputs": [
    {
     "name": "stdout",
     "output_type": "stream",
     "text": [
      "0 cost:nan, W:[[-0.83333319  0.4166666   0.41666645]\n",
      " [ 1.66666687  2.91666746 -4.58333397]\n",
      " [ 1.66666627  4.16666698 -5.83333397]]\n",
      "20 cost:nan, W:[[ nan  nan  nan]\n",
      " [ nan  nan  nan]\n",
      " [ nan  nan  nan]]\n",
      "40 cost:nan, W:[[ nan  nan  nan]\n",
      " [ nan  nan  nan]\n",
      " [ nan  nan  nan]]\n",
      "60 cost:nan, W:[[ nan  nan  nan]\n",
      " [ nan  nan  nan]\n",
      " [ nan  nan  nan]]\n",
      "80 cost:nan, W:[[ nan  nan  nan]\n",
      " [ nan  nan  nan]\n",
      " [ nan  nan  nan]]\n",
      "100 cost:nan, W:[[ nan  nan  nan]\n",
      " [ nan  nan  nan]\n",
      " [ nan  nan  nan]]\n",
      "120 cost:nan, W:[[ nan  nan  nan]\n",
      " [ nan  nan  nan]\n",
      " [ nan  nan  nan]]\n",
      "140 cost:nan, W:[[ nan  nan  nan]\n",
      " [ nan  nan  nan]\n",
      " [ nan  nan  nan]]\n",
      "160 cost:nan, W:[[ nan  nan  nan]\n",
      " [ nan  nan  nan]\n",
      " [ nan  nan  nan]]\n",
      "180 cost:nan, W:[[ nan  nan  nan]\n",
      " [ nan  nan  nan]\n",
      " [ nan  nan  nan]]\n",
      "200 cost:nan, W:[[ nan  nan  nan]\n",
      " [ nan  nan  nan]\n",
      " [ nan  nan  nan]]\n",
      "220 cost:nan, W:[[ nan  nan  nan]\n",
      " [ nan  nan  nan]\n",
      " [ nan  nan  nan]]\n",
      "240 cost:nan, W:[[ nan  nan  nan]\n",
      " [ nan  nan  nan]\n",
      " [ nan  nan  nan]]\n",
      "260 cost:nan, W:[[ nan  nan  nan]\n",
      " [ nan  nan  nan]\n",
      " [ nan  nan  nan]]\n",
      "280 cost:nan, W:[[ nan  nan  nan]\n",
      " [ nan  nan  nan]\n",
      " [ nan  nan  nan]]\n",
      "300 cost:nan, W:[[ nan  nan  nan]\n",
      " [ nan  nan  nan]\n",
      " [ nan  nan  nan]]\n",
      "320 cost:nan, W:[[ nan  nan  nan]\n",
      " [ nan  nan  nan]\n",
      " [ nan  nan  nan]]\n",
      "340 cost:nan, W:[[ nan  nan  nan]\n",
      " [ nan  nan  nan]\n",
      " [ nan  nan  nan]]\n",
      "360 cost:nan, W:[[ nan  nan  nan]\n",
      " [ nan  nan  nan]\n",
      " [ nan  nan  nan]]\n",
      "380 cost:nan, W:[[ nan  nan  nan]\n",
      " [ nan  nan  nan]\n",
      " [ nan  nan  nan]]\n",
      "400 cost:nan, W:[[ nan  nan  nan]\n",
      " [ nan  nan  nan]\n",
      " [ nan  nan  nan]]\n",
      "420 cost:nan, W:[[ nan  nan  nan]\n",
      " [ nan  nan  nan]\n",
      " [ nan  nan  nan]]\n",
      "440 cost:nan, W:[[ nan  nan  nan]\n",
      " [ nan  nan  nan]\n",
      " [ nan  nan  nan]]\n",
      "460 cost:nan, W:[[ nan  nan  nan]\n",
      " [ nan  nan  nan]\n",
      " [ nan  nan  nan]]\n",
      "480 cost:nan, W:[[ nan  nan  nan]\n",
      " [ nan  nan  nan]\n",
      " [ nan  nan  nan]]\n",
      "500 cost:nan, W:[[ nan  nan  nan]\n",
      " [ nan  nan  nan]\n",
      " [ nan  nan  nan]]\n",
      "520 cost:nan, W:[[ nan  nan  nan]\n",
      " [ nan  nan  nan]\n",
      " [ nan  nan  nan]]\n",
      "540 cost:nan, W:[[ nan  nan  nan]\n",
      " [ nan  nan  nan]\n",
      " [ nan  nan  nan]]\n",
      "560 cost:nan, W:[[ nan  nan  nan]\n",
      " [ nan  nan  nan]\n",
      " [ nan  nan  nan]]\n",
      "580 cost:nan, W:[[ nan  nan  nan]\n",
      " [ nan  nan  nan]\n",
      " [ nan  nan  nan]]\n",
      "600 cost:nan, W:[[ nan  nan  nan]\n",
      " [ nan  nan  nan]\n",
      " [ nan  nan  nan]]\n",
      "620 cost:nan, W:[[ nan  nan  nan]\n",
      " [ nan  nan  nan]\n",
      " [ nan  nan  nan]]\n",
      "640 cost:nan, W:[[ nan  nan  nan]\n",
      " [ nan  nan  nan]\n",
      " [ nan  nan  nan]]\n",
      "660 cost:nan, W:[[ nan  nan  nan]\n",
      " [ nan  nan  nan]\n",
      " [ nan  nan  nan]]\n",
      "680 cost:nan, W:[[ nan  nan  nan]\n",
      " [ nan  nan  nan]\n",
      " [ nan  nan  nan]]\n",
      "700 cost:nan, W:[[ nan  nan  nan]\n",
      " [ nan  nan  nan]\n",
      " [ nan  nan  nan]]\n",
      "720 cost:nan, W:[[ nan  nan  nan]\n",
      " [ nan  nan  nan]\n",
      " [ nan  nan  nan]]\n",
      "740 cost:nan, W:[[ nan  nan  nan]\n",
      " [ nan  nan  nan]\n",
      " [ nan  nan  nan]]\n",
      "760 cost:nan, W:[[ nan  nan  nan]\n",
      " [ nan  nan  nan]\n",
      " [ nan  nan  nan]]\n",
      "780 cost:nan, W:[[ nan  nan  nan]\n",
      " [ nan  nan  nan]\n",
      " [ nan  nan  nan]]\n",
      "800 cost:nan, W:[[ nan  nan  nan]\n",
      " [ nan  nan  nan]\n",
      " [ nan  nan  nan]]\n",
      "820 cost:nan, W:[[ nan  nan  nan]\n",
      " [ nan  nan  nan]\n",
      " [ nan  nan  nan]]\n",
      "840 cost:nan, W:[[ nan  nan  nan]\n",
      " [ nan  nan  nan]\n",
      " [ nan  nan  nan]]\n",
      "860 cost:nan, W:[[ nan  nan  nan]\n",
      " [ nan  nan  nan]\n",
      " [ nan  nan  nan]]\n",
      "880 cost:nan, W:[[ nan  nan  nan]\n",
      " [ nan  nan  nan]\n",
      " [ nan  nan  nan]]\n",
      "900 cost:nan, W:[[ nan  nan  nan]\n",
      " [ nan  nan  nan]\n",
      " [ nan  nan  nan]]\n",
      "920 cost:nan, W:[[ nan  nan  nan]\n",
      " [ nan  nan  nan]\n",
      " [ nan  nan  nan]]\n",
      "940 cost:nan, W:[[ nan  nan  nan]\n",
      " [ nan  nan  nan]\n",
      " [ nan  nan  nan]]\n",
      "960 cost:nan, W:[[ nan  nan  nan]\n",
      " [ nan  nan  nan]\n",
      " [ nan  nan  nan]]\n",
      "980 cost:nan, W:[[ nan  nan  nan]\n",
      " [ nan  nan  nan]\n",
      " [ nan  nan  nan]]\n",
      "1000 cost:nan, W:[[ nan  nan  nan]\n",
      " [ nan  nan  nan]\n",
      " [ nan  nan  nan]]\n",
      "1020 cost:nan, W:[[ nan  nan  nan]\n",
      " [ nan  nan  nan]\n",
      " [ nan  nan  nan]]\n",
      "1040 cost:nan, W:[[ nan  nan  nan]\n",
      " [ nan  nan  nan]\n",
      " [ nan  nan  nan]]\n",
      "1060 cost:nan, W:[[ nan  nan  nan]\n",
      " [ nan  nan  nan]\n",
      " [ nan  nan  nan]]\n",
      "1080 cost:nan, W:[[ nan  nan  nan]\n",
      " [ nan  nan  nan]\n",
      " [ nan  nan  nan]]\n",
      "1100 cost:nan, W:[[ nan  nan  nan]\n",
      " [ nan  nan  nan]\n",
      " [ nan  nan  nan]]\n",
      "1120 cost:nan, W:[[ nan  nan  nan]\n",
      " [ nan  nan  nan]\n",
      " [ nan  nan  nan]]\n",
      "1140 cost:nan, W:[[ nan  nan  nan]\n",
      " [ nan  nan  nan]\n",
      " [ nan  nan  nan]]\n",
      "1160 cost:nan, W:[[ nan  nan  nan]\n",
      " [ nan  nan  nan]\n",
      " [ nan  nan  nan]]\n",
      "1180 cost:nan, W:[[ nan  nan  nan]\n",
      " [ nan  nan  nan]\n",
      " [ nan  nan  nan]]\n",
      "1200 cost:nan, W:[[ nan  nan  nan]\n",
      " [ nan  nan  nan]\n",
      " [ nan  nan  nan]]\n",
      "1220 cost:nan, W:[[ nan  nan  nan]\n",
      " [ nan  nan  nan]\n",
      " [ nan  nan  nan]]\n",
      "1240 cost:nan, W:[[ nan  nan  nan]\n",
      " [ nan  nan  nan]\n",
      " [ nan  nan  nan]]\n",
      "1260 cost:nan, W:[[ nan  nan  nan]\n",
      " [ nan  nan  nan]\n",
      " [ nan  nan  nan]]\n",
      "1280 cost:nan, W:[[ nan  nan  nan]\n",
      " [ nan  nan  nan]\n",
      " [ nan  nan  nan]]\n",
      "1300 cost:nan, W:[[ nan  nan  nan]\n",
      " [ nan  nan  nan]\n",
      " [ nan  nan  nan]]\n",
      "1320 cost:nan, W:[[ nan  nan  nan]\n",
      " [ nan  nan  nan]\n",
      " [ nan  nan  nan]]\n",
      "1340 cost:nan, W:[[ nan  nan  nan]\n",
      " [ nan  nan  nan]\n",
      " [ nan  nan  nan]]\n",
      "1360 cost:nan, W:[[ nan  nan  nan]\n",
      " [ nan  nan  nan]\n",
      " [ nan  nan  nan]]\n",
      "1380 cost:nan, W:[[ nan  nan  nan]\n",
      " [ nan  nan  nan]\n",
      " [ nan  nan  nan]]\n",
      "1400 cost:nan, W:[[ nan  nan  nan]\n",
      " [ nan  nan  nan]\n",
      " [ nan  nan  nan]]\n",
      "1420 cost:nan, W:[[ nan  nan  nan]\n",
      " [ nan  nan  nan]\n",
      " [ nan  nan  nan]]\n",
      "1440 cost:nan, W:[[ nan  nan  nan]\n",
      " [ nan  nan  nan]\n",
      " [ nan  nan  nan]]\n",
      "1460 cost:nan, W:[[ nan  nan  nan]\n",
      " [ nan  nan  nan]\n",
      " [ nan  nan  nan]]\n",
      "1480 cost:nan, W:[[ nan  nan  nan]\n",
      " [ nan  nan  nan]\n",
      " [ nan  nan  nan]]\n",
      "1500 cost:nan, W:[[ nan  nan  nan]\n",
      " [ nan  nan  nan]\n",
      " [ nan  nan  nan]]\n",
      "1520 cost:nan, W:[[ nan  nan  nan]\n",
      " [ nan  nan  nan]\n",
      " [ nan  nan  nan]]\n",
      "1540 cost:nan, W:[[ nan  nan  nan]\n",
      " [ nan  nan  nan]\n",
      " [ nan  nan  nan]]\n",
      "1560 cost:nan, W:[[ nan  nan  nan]\n",
      " [ nan  nan  nan]\n",
      " [ nan  nan  nan]]\n",
      "1580 cost:nan, W:[[ nan  nan  nan]\n",
      " [ nan  nan  nan]\n",
      " [ nan  nan  nan]]\n",
      "1600 cost:nan, W:[[ nan  nan  nan]\n",
      " [ nan  nan  nan]\n",
      " [ nan  nan  nan]]\n",
      "1620 cost:nan, W:[[ nan  nan  nan]\n",
      " [ nan  nan  nan]\n",
      " [ nan  nan  nan]]\n",
      "1640 cost:nan, W:[[ nan  nan  nan]\n",
      " [ nan  nan  nan]\n",
      " [ nan  nan  nan]]\n",
      "1660 cost:nan, W:[[ nan  nan  nan]\n",
      " [ nan  nan  nan]\n",
      " [ nan  nan  nan]]\n",
      "1680 cost:nan, W:[[ nan  nan  nan]\n",
      " [ nan  nan  nan]\n",
      " [ nan  nan  nan]]\n",
      "1700 cost:nan, W:[[ nan  nan  nan]\n",
      " [ nan  nan  nan]\n",
      " [ nan  nan  nan]]\n",
      "1720 cost:nan, W:[[ nan  nan  nan]\n",
      " [ nan  nan  nan]\n",
      " [ nan  nan  nan]]\n",
      "1740 cost:nan, W:[[ nan  nan  nan]\n",
      " [ nan  nan  nan]\n",
      " [ nan  nan  nan]]\n",
      "1760 cost:nan, W:[[ nan  nan  nan]\n",
      " [ nan  nan  nan]\n",
      " [ nan  nan  nan]]\n",
      "1780 cost:nan, W:[[ nan  nan  nan]\n",
      " [ nan  nan  nan]\n",
      " [ nan  nan  nan]]\n",
      "1800 cost:nan, W:[[ nan  nan  nan]\n",
      " [ nan  nan  nan]\n",
      " [ nan  nan  nan]]\n",
      "1820 cost:nan, W:[[ nan  nan  nan]\n",
      " [ nan  nan  nan]\n",
      " [ nan  nan  nan]]\n",
      "1840 cost:nan, W:[[ nan  nan  nan]\n",
      " [ nan  nan  nan]\n",
      " [ nan  nan  nan]]\n",
      "1860 cost:nan, W:[[ nan  nan  nan]\n",
      " [ nan  nan  nan]\n",
      " [ nan  nan  nan]]\n",
      "1880 cost:nan, W:[[ nan  nan  nan]\n",
      " [ nan  nan  nan]\n",
      " [ nan  nan  nan]]\n",
      "1900 cost:nan, W:[[ nan  nan  nan]\n",
      " [ nan  nan  nan]\n",
      " [ nan  nan  nan]]\n",
      "1920 cost:nan, W:[[ nan  nan  nan]\n",
      " [ nan  nan  nan]\n",
      " [ nan  nan  nan]]\n",
      "1940 cost:nan, W:[[ nan  nan  nan]\n",
      " [ nan  nan  nan]\n",
      " [ nan  nan  nan]]\n",
      "1960 cost:nan, W:[[ nan  nan  nan]\n",
      " [ nan  nan  nan]\n",
      " [ nan  nan  nan]]\n",
      "1980 cost:nan, W:[[ nan  nan  nan]\n",
      " [ nan  nan  nan]\n",
      " [ nan  nan  nan]]\n",
      "2000 cost:nan, W:[[ nan  nan  nan]\n",
      " [ nan  nan  nan]\n",
      " [ nan  nan  nan]]\n",
      "a : [[ nan  nan  nan]], arg_max(a) : [0]\n",
      "b : [[ nan  nan  nan]], arg_max(c) : [0]\n",
      "c : [[ nan  nan  nan]], arg_max(b) : [0]\n",
      "all_data : [[ nan  nan  nan]\n",
      " [ nan  nan  nan]\n",
      " [ nan  nan  nan]], arg_max(all_data) : [0 0 0]\n"
     ]
    }
   ],
   "source": [
    "import tensorflow as tf\n",
    "import numpy as np\n",
    "from IPython.display import display\n",
    "\n",
    "xy = np.loadtxt('data/lab06_train.txt', unpack=True, dtype='float32')\n",
    "x_data = np.transpose(xy[0:3])\n",
    "y_data = np.transpose(xy[3:])\n",
    "\n",
    "X = tf.placeholder('float', [None, 3])\n",
    "Y = tf.placeholder('float', [None, 3])\n",
    "\n",
    "W = tf.Variable(tf.zeros([3,3]))\n",
    "\n",
    "hypothesis = tf.nn.softmax(tf.matmul(X, W))\n",
    "learning_rate = 10\n",
    "cost = tf.reduce_mean(-tf.reduce_sum(Y * tf.log(hypothesis), reduction_indices=1))\n",
    "optimizer = tf.train.GradientDescentOptimizer(learning_rate=learning_rate).minimize(cost)\n",
    "\n",
    "init = tf.global_variables_initializer()\n",
    "\n",
    "with tf.Session() as sess:\n",
    "    sess.run(init)\n",
    "\n",
    "    for step in range(2001):\n",
    "        sess.run(optimizer, feed_dict={X:x_data, Y:y_data})\n",
    "        if step % 20 == 0:\n",
    "            print(step, \"cost:%s, W:%s\"%(sess.run(cost, feed_dict={X:x_data, Y:y_data}), sess.run(W)))\n",
    "    \n",
    "    a = sess.run(hypothesis, feed_dict={X:[[1,11,7]]})\n",
    "    print(\"a : %s, arg_max(a) : %s\" % (a, sess.run(tf.arg_max(a, 1))))\n",
    "    b = sess.run(hypothesis, feed_dict={X:[[1,3,4]]})\n",
    "    print(\"b : %s, arg_max(c) : %s\" % (b, sess.run(tf.arg_max(b, 1))))\n",
    "    c = sess.run(hypothesis, feed_dict={X:[[1,1,0]]})\n",
    "    print(\"c : %s, arg_max(b) : %s\" % (c, sess.run(tf.arg_max(c, 1))))\n",
    "    all_data = sess.run(hypothesis, feed_dict={X:[[1,11,7], [1,3,4], [1,1,0]]})\n",
    "    print(\"all_data : %s, arg_max(all_data) : %s\" % (all_data, sess.run(tf.arg_max(all_data, 1))))\n"
   ]
  },
  {
   "cell_type": "markdown",
   "metadata": {},
   "source": [
    "# Learning rate = 0.0001"
   ]
  },
  {
   "cell_type": "code",
   "execution_count": 4,
   "metadata": {
    "collapsed": false
   },
   "outputs": [
    {
     "name": "stdout",
     "output_type": "stream",
     "text": [
      "0 cost:1.09852, W:[[ -8.33333161e-06   4.16666580e-06   4.16666444e-06]\n",
      " [  1.66666687e-05   2.91666747e-05  -4.58333379e-05]\n",
      " [  1.66666614e-05   4.16666662e-05  -5.83333349e-05]]\n",
      "20 cost:1.09683, W:[[ -1.75948357e-04   8.53231104e-05   9.06253117e-05]\n",
      " [  3.45080043e-04   6.01381704e-04  -9.46461631e-04]\n",
      " [  3.45137320e-04   8.63916881e-04  -1.20905391e-03]]\n",
      "40 cost:1.09522, W:[[-0.00034532  0.00016242  0.00018289]\n",
      " [ 0.00066441  0.00115287 -0.00181728]\n",
      " [ 0.00066463  0.0016655  -0.00233013]]\n",
      "60 cost:1.09371, W:[[-0.00051636  0.00023558  0.00028077]\n",
      " [ 0.00097507  0.00168427 -0.00265934]\n",
      " [ 0.00097555  0.00244705 -0.0034226 ]]\n",
      "80 cost:1.09228, W:[[-0.000689    0.00030493  0.00038407]\n",
      " [ 0.00127744  0.0021962  -0.00347363]\n",
      " [ 0.00127827  0.00320918 -0.00448745]]\n",
      "100 cost:1.09092, W:[[-0.00086318  0.00037058  0.0004926 ]\n",
      " [ 0.00157187  0.00268927 -0.00426114]\n",
      " [ 0.00157315  0.00395248 -0.00552563]]\n",
      "120 cost:1.08964, W:[[-0.00103883  0.00043265  0.00060617]\n",
      " [ 0.00185871  0.00316407 -0.00502278]\n",
      " [ 0.00186052  0.00467755 -0.00653806]]\n",
      "140 cost:1.08842, W:[[-0.00121588  0.00049125  0.00072463]\n",
      " [ 0.00213828  0.00362116 -0.00575944]\n",
      " [ 0.00214069  0.00538493 -0.00752562]]\n",
      "160 cost:1.08727, W:[[-0.00139429  0.00054648  0.00084781]\n",
      " [ 0.00241088  0.0040611  -0.00647198]\n",
      " [ 0.00241398  0.00607517 -0.00848915]]\n",
      "180 cost:1.08618, W:[[-0.001574    0.00059845  0.00097555]\n",
      " [ 0.00267679  0.00448442 -0.00716121]\n",
      " [ 0.00268065  0.00674881 -0.00942946]]\n",
      "200 cost:1.08514, W:[[-0.00175495  0.00064726  0.00110769]\n",
      " [ 0.00293629  0.00489164 -0.00782793]\n",
      " [ 0.00294097  0.00740635 -0.01034732]]\n",
      "220 cost:1.08416, W:[[-0.0019371   0.00069301  0.00124409]\n",
      " [ 0.00318962  0.00528326 -0.00847288]\n",
      " [ 0.00319519  0.0080483  -0.01124349]]\n",
      "240 cost:1.08322, W:[[-0.00212041  0.00073579  0.00138462]\n",
      " [ 0.00343703  0.00565976 -0.00909679]\n",
      " [ 0.00344355  0.00867512 -0.01211867]]\n",
      "260 cost:1.08234, W:[[-0.00230482  0.00077569  0.00152913]\n",
      " [ 0.00367874  0.00602163 -0.00970037]\n",
      " [ 0.00368627  0.00928729 -0.01297356]]\n",
      "280 cost:1.08149, W:[[-0.0024903   0.0008128   0.0016775 ]\n",
      " [ 0.00391497  0.00636931 -0.01028428]\n",
      " [ 0.00392357  0.00988525 -0.01380882]]\n",
      "300 cost:1.08069, W:[[-0.00267681  0.00084721  0.00182961]\n",
      " [ 0.00414591  0.00670326 -0.01084916]\n",
      " [ 0.00415563  0.01046945 -0.01462509]]\n",
      "320 cost:1.07993, W:[[-0.00286432  0.000879    0.00198532]\n",
      " [ 0.00437175  0.00702389 -0.01139564]\n",
      " [ 0.00438266  0.01104031 -0.01542297]]\n",
      "340 cost:1.0792, W:[[-0.00305278  0.00090825  0.00214453]\n",
      " [ 0.00459268  0.00733162 -0.0119243 ]\n",
      " [ 0.00460482  0.01159825 -0.01620307]]\n",
      "360 cost:1.07851, W:[[-0.00324217  0.00093504  0.00230713]\n",
      " [ 0.00480887  0.00762686 -0.01243573]\n",
      " [ 0.00482229  0.01214364 -0.01696594]]\n",
      "380 cost:1.07785, W:[[-0.00343245  0.00095944  0.00247301]\n",
      " [ 0.00502048  0.00791    -0.01293048]\n",
      " [ 0.00503523  0.01267689 -0.01771213]]\n",
      "400 cost:1.07722, W:[[-0.0036236   0.00098153  0.00264207]\n",
      " [ 0.00522766  0.00818141 -0.01340907]\n",
      " [ 0.00524379  0.01319837 -0.01844216]]\n",
      "420 cost:1.07662, W:[[-0.00381559  0.00100139  0.0028142 ]\n",
      " [ 0.00543056  0.00844145 -0.01387201]\n",
      " [ 0.00544811  0.01370843 -0.01915654]]\n",
      "440 cost:1.07605, W:[[-0.00400838  0.00101906  0.00298932]\n",
      " [ 0.00562931  0.00869049 -0.01431981]\n",
      " [ 0.00564834  0.01420742 -0.01985575]]\n",
      "460 cost:1.0755, W:[[-0.00420196  0.00103464  0.00316732]\n",
      " [ 0.00582406  0.00892886 -0.01475292]\n",
      " [ 0.00584459  0.01469569 -0.02054028]]\n",
      "480 cost:1.07497, W:[[-0.0043963   0.00104817  0.00334813]\n",
      " [ 0.00601491  0.00915689 -0.01517181]\n",
      " [ 0.006037    0.01517356 -0.02121055]]\n",
      "500 cost:1.07447, W:[[-0.00459138  0.00105972  0.00353165]\n",
      " [ 0.00620199  0.00937491 -0.01557691]\n",
      " [ 0.00622568  0.01564134 -0.02186702]]\n",
      "520 cost:1.07399, W:[[-0.00478717  0.00106936  0.00371781]\n",
      " [ 0.00638542  0.00958323 -0.01596866]\n",
      " [ 0.00641074  0.01609936 -0.02251009]]\n",
      "540 cost:1.07353, W:[[-0.00498365  0.00107713  0.00390652]\n",
      " [ 0.0065653   0.00978214 -0.01634745]\n",
      " [ 0.0065923   0.01654789 -0.02314017]]\n",
      "560 cost:1.07309, W:[[-0.00518081  0.0010831   0.00409771]\n",
      " [ 0.00674173  0.00997194 -0.01671368]\n",
      " [ 0.00677045  0.01698723 -0.02375767]]\n",
      "580 cost:1.07267, W:[[-0.00537862  0.00108732  0.0042913 ]\n",
      " [ 0.00691481  0.01015291 -0.01706773]\n",
      " [ 0.00694528  0.01741767 -0.02436294]]\n",
      "600 cost:1.07226, W:[[-0.00557707  0.00108985  0.00448722]\n",
      " [ 0.00708463  0.01032533 -0.01740997]\n",
      " [ 0.0071169   0.01783946 -0.02495635]]\n",
      "620 cost:1.07187, W:[[-0.00577614  0.00109073  0.00468541]\n",
      " [ 0.00725129  0.01048945 -0.01774075]\n",
      " [ 0.00728539  0.01825287 -0.02553824]]\n",
      "640 cost:1.0715, W:[[-0.0059758   0.00109001  0.00488579]\n",
      " [ 0.00741486  0.01064554 -0.01806041]\n",
      " [ 0.00745084  0.01865815 -0.02610897]]\n",
      "660 cost:1.07113, W:[[-0.00617606  0.00108776  0.0050883 ]\n",
      " [ 0.00757544  0.01079384 -0.01836928]\n",
      " [ 0.00761332  0.01905555 -0.02666885]]\n",
      "680 cost:1.07079, W:[[-0.00637688  0.001084    0.00529289]\n",
      " [ 0.00773309  0.01093458 -0.01866768]\n",
      " [ 0.00777291  0.01944531 -0.0272182 ]]\n",
      "700 cost:1.07045, W:[[-0.00657826  0.00107878  0.00549948]\n",
      " [ 0.00788789  0.01106801 -0.01895591]\n",
      " [ 0.0079297   0.01982765 -0.02775732]]\n",
      "720 cost:1.07013, W:[[-0.00678018  0.00107216  0.00570803]\n",
      " [ 0.00803992  0.01119435 -0.01923428]\n",
      " [ 0.00808375  0.0202028  -0.02828651]]\n",
      "740 cost:1.06982, W:[[-0.00698263  0.00106417  0.00591847]\n",
      " [ 0.00818924  0.01131382 -0.01950306]\n",
      " [ 0.00823512  0.02057097 -0.02880606]]\n",
      "760 cost:1.06952, W:[[-0.00718559  0.00105484  0.00613075]\n",
      " [ 0.00833592  0.01142661 -0.01976253]\n",
      " [ 0.00838389  0.02093236 -0.02931622]]\n",
      "780 cost:1.06923, W:[[-0.00738905  0.00104424  0.00634482]\n",
      " [ 0.00848002  0.01153295 -0.02001297]\n",
      " [ 0.00853012  0.02128719 -0.02981728]]\n",
      "800 cost:1.06895, W:[[-0.00759301  0.00103238  0.00656063]\n",
      " [ 0.00862161  0.01163302 -0.02025463]\n",
      " [ 0.00867387  0.02163565 -0.03030949]]\n",
      "820 cost:1.06868, W:[[-0.00779743  0.00101931  0.00677812]\n",
      " [ 0.00876074  0.01172702 -0.02048776]\n",
      " [ 0.0088152   0.02197792 -0.03079309]]\n",
      "840 cost:1.06841, W:[[-0.00800233  0.00100507  0.00699726]\n",
      " [ 0.00889747  0.01181513 -0.0207126 ]\n",
      " [ 0.00895416  0.02231419 -0.03126832]]\n",
      "860 cost:1.06816, W:[[-0.00820768  0.00098968  0.00721799]\n",
      " [ 0.00903186  0.01189753 -0.02092939]\n",
      " [ 0.00909082  0.02264464 -0.03173542]]\n",
      "880 cost:1.06791, W:[[-0.00841347  0.00097319  0.00744028]\n",
      " [ 0.00916395  0.01197439 -0.02113835]\n",
      " [ 0.00922521  0.02296944 -0.03219462]]\n",
      "900 cost:1.06767, W:[[-0.00861969  0.00095562  0.00766407]\n",
      " [ 0.0092938   0.01204589 -0.02133971]\n",
      " [ 0.00935741  0.02328875 -0.03264612]]\n",
      "920 cost:1.06744, W:[[-0.00882634  0.00093701  0.00788932]\n",
      " [ 0.00942146  0.01211219 -0.02153367]\n",
      " [ 0.00948744  0.02360274 -0.03309015]]\n",
      "940 cost:1.06722, W:[[-0.00903341  0.00091739  0.00811601]\n",
      " [ 0.00954698  0.01217344 -0.02172044]\n",
      " [ 0.00961537  0.02391155 -0.0335269 ]]\n",
      "960 cost:1.067, W:[[-0.00924087  0.00089679  0.00834408]\n",
      " [ 0.0096704   0.0122298  -0.02190021]\n",
      " [ 0.00974124  0.02421536 -0.03395656]]\n",
      "980 cost:1.06678, W:[[-0.00944873  0.00087524  0.00857349]\n",
      " [ 0.00979177  0.01228141 -0.0220732 ]\n",
      " [ 0.00986509  0.02451428 -0.03437934]]\n",
      "1000 cost:1.06658, W:[[-0.00965698  0.00085276  0.00880422]\n",
      " [ 0.00991114  0.01232841 -0.02223956]\n",
      " [ 0.00998697  0.02480848 -0.03479542]]\n",
      "1020 cost:1.06637, W:[[-0.00986561  0.00082938  0.00903622]\n",
      " [ 0.01002853  0.01237095 -0.0223995 ]\n",
      " [ 0.01010691  0.02509809 -0.03520497]]\n",
      "1040 cost:1.06618, W:[[-0.01007461  0.00080513  0.00926946]\n",
      " [ 0.010144    0.01240916 -0.02255318]\n",
      " [ 0.01022497  0.02538325 -0.03560818]]\n",
      "1060 cost:1.06598, W:[[-0.01028396  0.00078004  0.00950391]\n",
      " [ 0.01025759  0.01244317 -0.02270078]\n",
      " [ 0.01034117  0.02566406 -0.0360052 ]]\n",
      "1080 cost:1.06579, W:[[-0.01049367  0.00075412  0.00973954]\n",
      " [ 0.01036933  0.01247311 -0.02284245]\n",
      " [ 0.01045557  0.02594068 -0.03639621]]\n",
      "1100 cost:1.06561, W:[[-0.01070372  0.00072741  0.00997631]\n",
      " [ 0.01047925  0.01249909 -0.02297836]\n",
      " [ 0.01056819  0.0262132  -0.03678135]]\n",
      "1120 cost:1.06543, W:[[-0.01091412  0.00069992  0.01021419]\n",
      " [ 0.01058741  0.01252123 -0.02310867]\n",
      " [ 0.01067907  0.02648176 -0.0371608 ]]\n",
      "1140 cost:1.06526, W:[[-0.01112484  0.00067168  0.01045316]\n",
      " [ 0.01069383  0.01253966 -0.02323352]\n",
      " [ 0.01078825  0.02674647 -0.03753468]]\n",
      "1160 cost:1.06508, W:[[-0.01133589  0.00064271  0.01069317]\n",
      " [ 0.01079855  0.01255448 -0.02335305]\n",
      " [ 0.01089577  0.02700743 -0.03790316]]\n",
      "1180 cost:1.06492, W:[[-0.01154725  0.00061303  0.01093422]\n",
      " [ 0.0109016   0.01256579 -0.02346742]\n",
      " [ 0.01100165  0.02726475 -0.03826638]]\n",
      "1200 cost:1.06475, W:[[-0.01175893  0.00058266  0.01117626]\n",
      " [ 0.01100301  0.01257371 -0.02357675]\n",
      " [ 0.01110593  0.02751854 -0.03862444]]\n",
      "1220 cost:1.06459, W:[[-0.0119709   0.00055162  0.01141928]\n",
      " [ 0.01110282  0.01257834 -0.02368118]\n",
      " [ 0.01120864  0.02776889 -0.03897751]]\n",
      "1240 cost:1.06443, W:[[-0.01218318  0.00051993  0.01166324]\n",
      " [ 0.01120106  0.01257976 -0.02378085]\n",
      " [ 0.01130982  0.02801591 -0.0393257 ]]\n",
      "1260 cost:1.06427, W:[[-0.01239574  0.00048761  0.01190812]\n",
      " [ 0.01129776  0.01257809 -0.02387587]\n",
      " [ 0.01140949  0.02825968 -0.03966914]]\n",
      "1280 cost:1.06412, W:[[-0.01260859  0.00045468  0.0121539 ]\n",
      " [ 0.01139295  0.01257339 -0.02396636]\n",
      " [ 0.01150768  0.0285003  -0.04000796]]\n",
      "1300 cost:1.06397, W:[[-0.01282172  0.00042115  0.01240056]\n",
      " [ 0.01148665  0.01256578 -0.02405245]\n",
      " [ 0.01160443  0.02873787 -0.04034226]]\n",
      "1320 cost:1.06382, W:[[-0.01303512  0.00038705  0.01264807]\n",
      " [ 0.0115789   0.01255533 -0.02413425]\n",
      " [ 0.01169976  0.02897245 -0.04067216]]\n",
      "1340 cost:1.06368, W:[[-0.01324879  0.00035238  0.0128964 ]\n",
      " [ 0.01166973  0.01254213 -0.02421188]\n",
      " [ 0.0117937   0.02920414 -0.04099779]]\n",
      "1360 cost:1.06353, W:[[-0.01346272  0.00031716  0.01314555]\n",
      " [ 0.01175916  0.01252626 -0.02428543]\n",
      " [ 0.01188628  0.029433   -0.04131923]]\n",
      "1380 cost:1.06339, W:[[-0.0136769   0.00028142  0.01339548]\n",
      " [ 0.01184722  0.01250779 -0.02435502]\n",
      " [ 0.01197752  0.02965913 -0.0416366 ]]\n",
      "1400 cost:1.06325, W:[[-0.01389133  0.00024516  0.01364617]\n",
      " [ 0.01193393  0.0124868  -0.02442075]\n",
      " [ 0.01206745  0.0298826  -0.04195001]]\n",
      "1420 cost:1.06311, W:[[-0.01410601  0.00020839  0.01389761]\n",
      " [ 0.01201932  0.01246338 -0.02448272]\n",
      " [ 0.0121561   0.03010348 -0.04225954]]\n",
      "1440 cost:1.06298, W:[[-0.01432093  0.00017114  0.01414978]\n",
      " [ 0.01210342  0.01243758 -0.02454102]\n",
      " [ 0.01224349  0.03032185 -0.04256528]]\n",
      "1460 cost:1.06285, W:[[-0.01453609  0.00013342  0.01440265]\n",
      " [ 0.01218625  0.01240948 -0.02459574]\n",
      " [ 0.01232964  0.03053776 -0.04286735]]\n",
      "1480 cost:1.06271, W:[[ -1.47514688e-02   9.52338305e-05   1.46562234e-02]\n",
      " [  1.22678299e-02   1.23791425e-02  -2.46469919e-02]\n",
      " [  1.24145821e-02   3.07512954e-02  -4.31658290e-02]]\n",
      "1500 cost:1.06258, W:[[ -1.49670774e-02   5.66016352e-05   1.49104632e-02]\n",
      " [  1.23481890e-02   1.23466374e-02  -2.46948451e-02]\n",
      " [  1.24983378e-02   3.09625138e-02  -4.34608012e-02]]\n",
      "1520 cost:1.06245, W:[[ -1.51829068e-02   1.75343594e-05   1.51653597e-02]\n",
      " [  1.24273496e-02   1.23120267e-02  -2.47393940e-02]\n",
      " [  1.25809284e-02   3.11714839e-02  -4.37523536e-02]]\n",
      "1540 cost:1.06233, W:[[ -1.53989512e-02  -2.19558642e-05   1.54208941e-02]\n",
      " [  1.25053320e-02   1.22753717e-02  -2.47807205e-02]\n",
      " [  1.26623763e-02   3.13782543e-02  -4.40405756e-02]]\n",
      "1560 cost:1.0622, W:[[ -1.56152062e-02  -6.18573249e-05   1.56770516e-02]\n",
      " [  1.25821615e-02   1.22367321e-02  -2.48189103e-02]\n",
      " [  1.27427038e-02   3.15828919e-02  -4.43255380e-02]]\n",
      "1580 cost:1.06208, W:[[-0.01583167 -0.00010216  0.01593381]\n",
      " [ 0.01265785  0.01219617 -0.02485404]\n",
      " [ 0.01282194  0.03178545 -0.04460733]]\n",
      "1600 cost:1.06195, W:[[-0.01604833 -0.00014285  0.01619117]\n",
      " [ 0.01273244  0.01215373 -0.02488619]\n",
      " [ 0.01290009  0.031986   -0.04488603]]\n",
      "1620 cost:1.06183, W:[[-0.01626519 -0.00018392  0.0164491 ]\n",
      " [ 0.01280593  0.01210947 -0.02491543]\n",
      " [ 0.01297719  0.03218457 -0.0451617 ]]\n",
      "1640 cost:1.06171, W:[[-0.01648225 -0.00022535  0.01670758]\n",
      " [ 0.01287835  0.01206345 -0.02494184]\n",
      " [ 0.01305326  0.03238123 -0.04543442]]\n",
      "1660 cost:1.06159, W:[[-0.01669949 -0.00026715  0.01696662]\n",
      " [ 0.01294972  0.01201573 -0.02496548]\n",
      " [ 0.01312831  0.03257603 -0.04570426]]\n",
      "1680 cost:1.06147, W:[[-0.01691691 -0.00030929  0.01722619]\n",
      " [ 0.01302007  0.01196633 -0.02498643]\n",
      " [ 0.01320237  0.03276902 -0.0459713 ]]\n",
      "1700 cost:1.06135, W:[[-0.01713452 -0.00035177  0.01748628]\n",
      " [ 0.0130894   0.01191532 -0.02500475]\n",
      " [ 0.01327544  0.03296024 -0.04623559]]\n",
      "1720 cost:1.06123, W:[[-0.01735231 -0.00039457  0.01774688]\n",
      " [ 0.01315774  0.01186275 -0.02502051]\n",
      " [ 0.01334757  0.03314974 -0.04649721]]\n",
      "1740 cost:1.06112, W:[[-0.01757028 -0.0004377   0.01800797]\n",
      " [ 0.0132251   0.01180864 -0.02503377]\n",
      " [ 0.01341875  0.03333756 -0.04675622]]\n",
      "1760 cost:1.061, W:[[-0.01778841 -0.00048114  0.01826954]\n",
      " [ 0.01329151  0.01175307 -0.02504461]\n",
      " [ 0.01348901  0.03352375 -0.04701268]]\n",
      "1780 cost:1.06089, W:[[-0.01800671 -0.00052488  0.01853158]\n",
      " [ 0.01335698  0.01169605 -0.02505306]\n",
      " [ 0.01355837  0.03370835 -0.04726664]]\n",
      "1800 cost:1.06077, W:[[-0.01822517 -0.00056892  0.01879408]\n",
      " [ 0.01342153  0.01163764 -0.02505921]\n",
      " [ 0.01362685  0.0338914  -0.04751818]]\n",
      "1820 cost:1.06066, W:[[-0.01844379 -0.00061325  0.01905702]\n",
      " [ 0.01348518  0.01157788 -0.0250631 ]\n",
      " [ 0.01369446  0.03407294 -0.04776733]]\n",
      "1840 cost:1.06055, W:[[-0.01866256 -0.00065785  0.0193204 ]\n",
      " [ 0.01354795  0.0115168  -0.02506479]\n",
      " [ 0.01376121  0.03425302 -0.04801418]]\n",
      "1860 cost:1.06044, W:[[-0.01888149 -0.00070272  0.0195842 ]\n",
      " [ 0.01360984  0.01145445 -0.02506432]\n",
      " [ 0.01382714  0.03443167 -0.04825874]]\n",
      "1880 cost:1.06033, W:[[-0.01910056 -0.00074786  0.01984842]\n",
      " [ 0.01367088  0.01139085 -0.02506177]\n",
      " [ 0.01389224  0.03460892 -0.0485011 ]]\n",
      "1900 cost:1.06021, W:[[-0.01931978 -0.00079326  0.02011303]\n",
      " [ 0.01373109  0.01132605 -0.02505718]\n",
      " [ 0.01395655  0.03478482 -0.04874131]]\n",
      "1920 cost:1.06011, W:[[-0.01953915 -0.0008389   0.02037804]\n",
      " [ 0.01379048  0.01126008 -0.02505059]\n",
      " [ 0.01402006  0.0349594  -0.04897941]]\n",
      "1940 cost:1.06, W:[[-0.01975865 -0.00088479  0.02064343]\n",
      " [ 0.01384905  0.01119298 -0.02504206]\n",
      " [ 0.01408281  0.03513269 -0.04921544]]\n",
      "1960 cost:1.05989, W:[[-0.01997828 -0.00093092  0.0209092 ]\n",
      " [ 0.01390684  0.01112477 -0.02503164]\n",
      " [ 0.0141448   0.03530472 -0.04944947]]\n",
      "1980 cost:1.05978, W:[[-0.02019806 -0.00097727  0.02117532]\n",
      " [ 0.01396386  0.01105549 -0.02501938]\n",
      " [ 0.01420605  0.03547552 -0.04968152]]\n",
      "2000 cost:1.05967, W:[[-0.02041796 -0.00102386  0.02144181]\n",
      " [ 0.01402011  0.01098517 -0.02500531]\n",
      " [ 0.01426658  0.03564513 -0.04991166]]\n",
      "a : [[ 0.38783085  0.44417956  0.16798955]], arg_max(a) : [1]\n",
      "b : [[ 0.35485148  0.39052922  0.25461939]], arg_max(c) : [1]\n",
      "c : [[ 0.33119905  0.33666176  0.33213913]], arg_max(b) : [1]\n",
      "all_data : [[ 0.38783085  0.44417956  0.16798955]\n",
      " [ 0.35485148  0.39052922  0.25461939]\n",
      " [ 0.33119905  0.33666176  0.33213913]], arg_max(all_data) : [1 1 1]\n"
     ]
    }
   ],
   "source": [
    "import tensorflow as tf\n",
    "import numpy as np\n",
    "from IPython.display import display\n",
    "\n",
    "xy = np.loadtxt('data/lab06_train.txt', unpack=True, dtype='float32')\n",
    "x_data = np.transpose(xy[0:3])\n",
    "y_data = np.transpose(xy[3:])\n",
    "\n",
    "X = tf.placeholder('float', [None, 3])\n",
    "Y = tf.placeholder('float', [None, 3])\n",
    "\n",
    "W = tf.Variable(tf.zeros([3,3]))\n",
    "\n",
    "hypothesis = tf.nn.softmax(tf.matmul(X, W))\n",
    "learning_rate = 0.0001\n",
    "cost = tf.reduce_mean(-tf.reduce_sum(Y * tf.log(hypothesis), reduction_indices=1))\n",
    "optimizer = tf.train.GradientDescentOptimizer(learning_rate=learning_rate).minimize(cost)\n",
    "\n",
    "init = tf.global_variables_initializer()\n",
    "\n",
    "with tf.Session() as sess:\n",
    "    sess.run(init)\n",
    "\n",
    "    for step in range(2001):\n",
    "        sess.run(optimizer, feed_dict={X:x_data, Y:y_data})\n",
    "        if step % 20 == 0:\n",
    "            print(step, \"cost:%s, W:%s\"%(sess.run(cost, feed_dict={X:x_data, Y:y_data}), sess.run(W)))\n",
    "    \n",
    "    a = sess.run(hypothesis, feed_dict={X:[[1,11,7]]})\n",
    "    print(\"a : %s, arg_max(a) : %s\" % (a, sess.run(tf.arg_max(a, 1))))\n",
    "    b = sess.run(hypothesis, feed_dict={X:[[1,3,4]]})\n",
    "    print(\"b : %s, arg_max(c) : %s\" % (b, sess.run(tf.arg_max(b, 1))))\n",
    "    c = sess.run(hypothesis, feed_dict={X:[[1,1,0]]})\n",
    "    print(\"c : %s, arg_max(b) : %s\" % (c, sess.run(tf.arg_max(c, 1))))\n",
    "    all_data = sess.run(hypothesis, feed_dict={X:[[1,11,7], [1,3,4], [1,1,0]]})\n",
    "    print(\"all_data : %s, arg_max(all_data) : %s\" % (all_data, sess.run(tf.arg_max(all_data, 1))))\n"
   ]
  },
  {
   "cell_type": "markdown",
   "metadata": {},
   "source": [
    "# Learning rate = 0.01"
   ]
  },
  {
   "cell_type": "code",
   "execution_count": 5,
   "metadata": {
    "collapsed": false
   },
   "outputs": [
    {
     "name": "stdout",
     "output_type": "stream",
     "text": [
      "0 cost:1.09048, W:[[-0.00083333  0.00041667  0.00041667]\n",
      " [ 0.00166667  0.00291667 -0.00458333]\n",
      " [ 0.00166667  0.00416667 -0.00583333]]\n",
      "20 cost:1.05909, W:[[-0.02147574 -0.00120662  0.02268235]\n",
      " [ 0.01449275  0.01086621 -0.02535895]\n",
      " [ 0.0147527   0.03674991 -0.05150261]]\n",
      "40 cost:1.04942, W:[[-0.04383909 -0.0064992   0.05033828]\n",
      " [ 0.01761899  0.00110689 -0.01872586]\n",
      " [ 0.01848182  0.05016028 -0.06864209]]\n",
      "60 cost:1.04029, W:[[-0.06619629 -0.01201317  0.07820947]\n",
      " [ 0.0195295  -0.00897234 -0.01055714]\n",
      " [ 0.02128116  0.06173807 -0.08301921]]\n",
      "80 cost:1.03154, W:[[-0.08835386 -0.01754473  0.10589862]\n",
      " [ 0.02120088 -0.01843084 -0.00277002]\n",
      " [ 0.02408877  0.07251359 -0.09660233]]\n",
      "100 cost:1.02315, W:[[-0.11029428 -0.02307285  0.13336717]\n",
      " [ 0.02274159 -0.02723114  0.00448957]\n",
      " [ 0.02698387  0.08261414 -0.10959798]]\n",
      "120 cost:1.01509, W:[[-0.13201785 -0.02859196  0.16060989]\n",
      " [ 0.02417225 -0.03540835  0.01123613]\n",
      " [ 0.02996077  0.09208993 -0.12205065]]\n",
      "140 cost:1.00734, W:[[-0.15352683 -0.03409813  0.18762501]\n",
      " [ 0.02550456 -0.0430021   0.01749758]\n",
      " [ 0.03300676  0.10098173 -0.13398844]]\n",
      "160 cost:0.999856, W:[[-0.17482381 -0.03958778  0.2144116 ]\n",
      " [ 0.02674878 -0.05005032  0.02330158]\n",
      " [ 0.03610953  0.1093272  -0.14543667]]\n",
      "180 cost:0.992635, W:[[-0.19591154 -0.04505755  0.24096914]\n",
      " [ 0.02791442 -0.05658866  0.02867429]\n",
      " [ 0.03925773  0.11716156 -0.15641922]]\n",
      "200 cost:0.985653, W:[[-0.21679303 -0.05050437  0.26729742]\n",
      " [ 0.02901031 -0.06265054  0.03364029]\n",
      " [ 0.04244109  0.12451769 -0.16695869]]\n",
      "220 cost:0.978895, W:[[-0.23747128 -0.05592537  0.29339662]\n",
      " [ 0.0300446  -0.06826727  0.03822274]\n",
      " [ 0.04565033  0.13142633 -0.17707655]]\n",
      "240 cost:0.972345, W:[[-0.25794938 -0.06131788  0.31926727]\n",
      " [ 0.03102476 -0.07346807  0.04244338]\n",
      " [ 0.04887707  0.13791612 -0.18679309]]\n",
      "260 cost:0.965989, W:[[-0.27823052 -0.06667949  0.34491003]\n",
      " [ 0.03195766 -0.07828024  0.04632268]\n",
      " [ 0.05211383  0.14401382 -0.19612755]]\n",
      "280 cost:0.959817, W:[[-0.29831791 -0.07200795  0.37032577]\n",
      " [ 0.03284956 -0.08272932  0.04987987]\n",
      " [ 0.05535392  0.14974436 -0.20509809]]\n",
      "300 cost:0.953816, W:[[-0.3182148  -0.07730121  0.39551598]\n",
      " [ 0.03370612 -0.08683903  0.05313304]\n",
      " [ 0.0585914   0.15513091 -0.21372208]]\n",
      "320 cost:0.947977, W:[[-0.33792448 -0.08255742  0.42048183]\n",
      " [ 0.03453247 -0.09063158  0.05609922]\n",
      " [ 0.061821    0.16019514 -0.22201593]]\n",
      "340 cost:0.942291, W:[[-0.3574501  -0.0877749   0.44522488]\n",
      " [ 0.03533328 -0.09412765  0.05879451]\n",
      " [ 0.06503811  0.16495728 -0.22999515]]\n",
      "360 cost:0.93675, W:[[-0.37679502 -0.09295209  0.46974692]\n",
      " [ 0.03611267 -0.09734651  0.06123397]\n",
      " [ 0.06823869  0.16943607 -0.23767447]]\n",
      "380 cost:0.931346, W:[[-0.39596227 -0.09808763  0.49404973]\n",
      " [ 0.03687439 -0.10030617  0.0634319 ]\n",
      " [ 0.07141922  0.17364909 -0.24506801]]\n",
      "400 cost:0.926073, W:[[-0.41495511 -0.10318027  0.51813519]\n",
      " [ 0.03762176 -0.10302337  0.06540174]\n",
      " [ 0.07457665  0.17761268 -0.25218898]]\n",
      "420 cost:0.920923, W:[[-0.43377677 -0.10822889  0.54200524]\n",
      " [ 0.03835771 -0.10551376  0.06715621]\n",
      " [ 0.07770839  0.18134212 -0.25905013]]\n",
      "440 cost:0.915892, W:[[-0.45243025 -0.1132325   0.56566244]\n",
      " [ 0.03908487 -0.10779194  0.06870726]\n",
      " [ 0.08081225  0.18485165 -0.26566359]]\n",
      "460 cost:0.910974, W:[[-0.47091874 -0.11819023  0.58910865]\n",
      " [ 0.03980554 -0.10987155  0.07006622]\n",
      " [ 0.08388636  0.18815459 -0.27204061]]\n",
      "480 cost:0.906165, W:[[-0.48924524 -0.12310128  0.61234623]\n",
      " [ 0.04052173 -0.11176533  0.07124381]\n",
      " [ 0.08692922  0.19126342 -0.27819228]]\n",
      "500 cost:0.901458, W:[[-0.50741267 -0.127965    0.63537741]\n",
      " [ 0.04123517 -0.11348514  0.0722502 ]\n",
      " [ 0.08993956  0.19418971 -0.28412896]]\n",
      "520 cost:0.896851, W:[[-0.52542406 -0.13278078  0.6582045 ]\n",
      " [ 0.04194738 -0.11504209  0.07309496]\n",
      " [ 0.09291644  0.19694437 -0.28986046]]\n",
      "540 cost:0.89234, W:[[-0.54328215 -0.13754809  0.68083   ]\n",
      " [ 0.04265967 -0.11644656  0.07378716]\n",
      " [ 0.09585912  0.19953759 -0.2953963 ]]\n",
      "560 cost:0.88792, W:[[-0.56098992 -0.14226651  0.70325607]\n",
      " [ 0.04337312 -0.11770826  0.07433544]\n",
      " [ 0.09876705  0.20197886 -0.30074549]]\n",
      "580 cost:0.883588, W:[[-0.57855004 -0.14693569  0.72548527]\n",
      " [ 0.04408867 -0.11883629  0.07474793]\n",
      " [ 0.10163989  0.20427717 -0.30591658]]\n",
      "600 cost:0.879342, W:[[-0.59596533 -0.1515553   0.74752003]\n",
      " [ 0.04480708 -0.11983915  0.07503238]\n",
      " [ 0.10447746  0.20644082 -0.31091776]]\n",
      "620 cost:0.875177, W:[[-0.61323822 -0.15612513  0.76936275]\n",
      " [ 0.04552896 -0.12072476  0.07519612]\n",
      " [ 0.10727972  0.20847768 -0.31575686]]\n",
      "640 cost:0.871092, W:[[-0.63037139 -0.16064499  0.7910158 ]\n",
      " [ 0.0462548  -0.12150063  0.07524613]\n",
      " [ 0.11004674  0.21039513 -0.3204414 ]]\n",
      "660 cost:0.867083, W:[[-0.64736748 -0.16511475  0.81248158]\n",
      " [ 0.04698502 -0.12217371  0.07518899]\n",
      " [ 0.11277876  0.21220006 -0.32497829]]\n",
      "680 cost:0.863149, W:[[-0.66422892 -0.16953433  0.83376253]\n",
      " [ 0.04771988 -0.12275057  0.07503102]\n",
      " [ 0.11547608  0.21389897 -0.32937449]]\n",
      "700 cost:0.859286, W:[[-0.68095815 -0.17390366  0.85486108]\n",
      " [ 0.04845956 -0.12323735  0.07477812]\n",
      " [ 0.11813907  0.21549796 -0.33363649]]\n",
      "720 cost:0.855492, W:[[-0.69755757 -0.17822278  0.87577957]\n",
      " [ 0.04920416 -0.12363978  0.07443598]\n",
      " [ 0.12076823  0.21700272 -0.3377704 ]]\n",
      "740 cost:0.851766, W:[[-0.71402937 -0.18249169  0.89652038]\n",
      " [ 0.04995373 -0.12396329  0.07400996]\n",
      " [ 0.12336407  0.21841866 -0.34178215]]\n",
